# unix_time, cycles_done, cur_path, paths_total, pending_total, pending_favs, map_size, unique_crashes, unique_hangs, max_depth, execs_per_sec
1758672568, 0, 0, 48, 48, 29, 4.03%, 0, 0, 1, 234.00
1758672573, 0, 1, 155, 155, 29, 4.55%, 0, 0, 2, 293.51
1758672578, 0, 1, 175, 175, 29, 4.64%, 0, 0, 2, 330.71
1758672583, 0, 1, 178, 178, 29, 4.64%, 0, 0, 2, 2214.22
1758672589, 0, 1, 179, 179, 29, 4.65%, 0, 0, 2, 344.95
1758672594, 0, 1, 181, 181, 29, 4.65%, 0, 0, 2, 296.41
1758672599, 0, 1, 184, 184, 29, 4.65%, 0, 0, 2, 279.20
1758672609, 0, 1, 186, 186, 29, 4.65%, 0, 0, 2, 306.67
1758672619, 0, 1, 187, 187, 29, 4.65%, 0, 0, 2, 307.35
1758672624, 0, 1, 190, 190, 29, 4.65%, 0, 0, 2, 288.41
1758672629, 0, 1, 191, 191, 29, 4.65%, 0, 0, 2, 328.26
1758672634, 0, 1, 192, 192, 29, 4.65%, 0, 0, 2, 300.21
1758672644, 0, 1, 195, 195, 29, 4.65%, 0, 0, 2, 399.50
1758672649, 0, 1, 199, 199, 29, 4.66%, 0, 0, 2, 733.07
1758672654, 0, 1, 202, 202, 29, 4.66%, 0, 0, 2, 1180.78
1758672659, 0, 1, 205, 205, 29, 4.67%, 0, 0, 2, 1267.61
1758672669, 0, 1, 208, 208, 29, 4.67%, 0, 0, 2, 1282.67
1758672675, 0, 2, 209, 208, 84, 4.67%, 0, 0, 2, 1067.13
1758672680, 0, 2, 236, 235, 84, 4.68%, 0, 0, 2, 457.58
1758672685, 0, 2, 237, 236, 84, 4.68%, 0, 0, 2, 350.17
1758672690, 0, 2, 239, 238, 84, 4.68%, 0, 0, 2, 337.34
1758672731, 0, 2, 240, 239, 84, 4.68%, 0, 0, 2, 263.59
1758672756, 0, 2, 241, 240, 84, 4.68%, 0, 0, 2, 312.28
1758672762, 0, 2, 242, 241, 84, 4.68%, 0, 0, 2, 291.67
1758672767, 0, 2, 243, 242, 84, 4.68%, 0, 0, 2, 272.24
1758672782, 0, 2, 245, 244, 84, 4.68%, 0, 0, 2, 290.48
1758672792, 0, 2, 246, 245, 84, 4.68%, 0, 0, 2, 275.83
1758672823, 0, 3, 280, 278, 84, 4.71%, 0, 0, 2, 459.89
1758672828, 0, 3, 325, 323, 84, 4.71%, 0, 0, 2, 306.90
1758672833, 0, 3, 334, 332, 84, 4.71%, 0, 0, 2, 311.49
1758672838, 0, 3, 338, 336, 84, 4.71%, 0, 0, 2, 331.37
1758672843, 0, 3, 342, 340, 84, 4.71%, 0, 0, 2, 250.44
1758672853, 0, 3, 344, 342, 84, 4.71%, 0, 0, 2, 321.29
1758672858, 0, 3, 346, 344, 84, 4.71%, 0, 0, 2, 310.89
1758672869, 0, 3, 353, 351, 84, 4.71%, 0, 0, 2, 281.02
1758672874, 0, 3, 355, 353, 84, 4.71%, 0, 0, 2, 271.47
1758672879, 0, 3, 357, 355, 84, 4.71%, 0, 0, 2, 262.32
1758672894, 0, 3, 358, 356, 84, 4.71%, 0, 0, 2, 283.56
1758672899, 0, 3, 360, 358, 84, 4.71%, 0, 0, 2, 307.40
1758672914, 0, 3, 361, 359, 84, 4.71%, 0, 0, 2, 291.29
1758672920, 0, 3, 362, 360, 84, 4.71%, 0, 0, 2, 267.44
1758672940, 0, 3, 363, 361, 84, 4.71%, 0, 0, 2, 291.08
1758672945, 0, 3, 364, 362, 84, 4.71%, 0, 0, 2, 275.21
1758672950, 0, 3, 366, 364, 84, 4.71%, 0, 0, 2, 266.00
1758672966, 0, 3, 367, 365, 84, 4.71%, 0, 0, 2, 305.38
1758672971, 0, 3, 368, 366, 84, 4.71%, 0, 0, 2, 287.99
1758672976, 0, 3, 369, 367, 84, 4.71%, 0, 0, 2, 269.66
1758672986, 0, 4, 373, 370, 92, 4.71%, 0, 0, 2, 476.74
1758672991, 0, 4, 430, 427, 92, 4.74%, 0, 0, 2, 304.29
1758672996, 0, 4, 445, 442, 92, 4.74%, 0, 0, 2, 286.21
1758673001, 0, 4, 457, 454, 92, 4.75%, 0, 0, 2, 261.94
1758673006, 0, 4, 459, 456, 92, 4.75%, 0, 0, 2, 289.90
1758673011, 0, 4, 466, 463, 92, 4.75%, 0, 0, 2, 288.86
1758673017, 0, 4, 468, 465, 92, 4.75%, 0, 0, 2, 352.45
1758673032, 0, 4, 471, 468, 92, 4.75%, 0, 0, 2, 294.29
1758673047, 0, 4, 473, 470, 92, 4.75%, 0, 0, 2, 261.76
1758673052, 0, 4, 475, 472, 92, 4.75%, 0, 0, 2, 251.50
1758673073, 0, 4, 476, 473, 92, 4.75%, 0, 0, 2, 296.56
1758673078, 0, 4, 479, 476, 92, 4.75%, 0, 0, 2, 260.33
1758673098, 0, 4, 481, 478, 92, 4.75%, 0, 0, 2, 299.36
1758673109, 0, 4, 487, 484, 92, 4.75%, 0, 0, 2, 258.10
1758673124, 0, 4, 489, 486, 92, 4.75%, 0, 0, 2, 319.10
1758673140, 0, 4, 491, 488, 92, 4.75%, 0, 0, 2, 262.52
1758673150, 0, 4, 492, 489, 92, 4.75%, 0, 0, 2, 242.09
1758673181, 0, 4, 494, 491, 92, 4.75%, 0, 0, 2, 261.88
1758673196, 0, 5, 516, 512, 95, 4.76%, 0, 0, 2, 397.58
1758673201, 0, 5, 523, 519, 95, 4.76%, 0, 0, 2, 269.01
1758673206, 0, 5, 526, 522, 95, 4.76%, 0, 0, 2, 305.83
1758673211, 0, 5, 532, 528, 95, 4.76%, 0, 0, 2, 263.20
1758673221, 0, 5, 536, 532, 95, 4.76%, 0, 0, 2, 270.58
1758673252, 0, 5, 537, 533, 95, 4.76%, 0, 0, 2, 275.62
1758673257, 0, 5, 538, 534, 95, 4.76%, 0, 0, 2, 264.86
1758673267, 0, 5, 539, 535, 95, 4.76%, 0, 0, 2, 235.11
1758673293, 0, 5, 540, 536, 95, 4.76%, 0, 0, 2, 257.67
